Number of Data Points = 400
         
File	hc(nm)	Pmax(µN)	S(µN/nm)	A(nm^2)	hmax(nm)	heff(nm)	Er(GPa)	H(GPa)	A	hf(nm)	m	X(mm)	Y(mm)	Drift(nm/s)
HSS_BW_3mN_map01 LC.hys	81.332352	2991.716531	120.970639	292725.493706	264.476394	99.880550	198.100024	10.220212	18.735905	64.655301	1.424340	76.047477	-14.784658	0.000000
HSS_BW_3mN_map01 LC.hys	81.251237	2991.649760	123.342309	292305.055694	264.476394	99.442378	202.129053	10.234684	34.150157	67.984447	1.296975	76.048777	-14.784658	0.000000
HSS_BW_3mN_map01 LC.hys	72.465900	2991.648915	131.268218	248473.496266	264.476394	89.558664	233.321298	12.040113	25.432215	58.063195	1.381965	76.050077	-14.784658	0.000000
HSS_BW_3mN_map01 LC.hys	80.319547	2991.611805	125.623522	287496.551072	264.476394	98.180126	207.581897	10.405731	16.251217	63.232184	1.467531	76.051377	-14.784658	0.000000
HSS_BW_3mN_map01 LC.hys	81.027901	2991.708939	121.196073	291148.935308	264.476394	99.541551	199.005817	10.275528	34.158863	67.653235	1.291816	76.052677	-14.784658	0.000000
HSS_BW_3mN_map01 LC.hys	81.909183	2991.714210	122.428390	295723.692166	264.476394	100.236514	199.468309	10.116586	25.280094	66.955523	1.361941	76.053977	-14.784658	0.000000
HSS_BW_3mN_map01 LC.hys	82.001834	2991.683558	124.005554	296206.627127	264.476394	100.095884	201.873159	10.099989	31.414691	68.315638	1.317294	76.055277	-14.784658	0.000000
HSS_BW_3mN_map01 LC.hys	80.280237	2991.677937	123.598525	287294.506551	264.476394	98.433839	204.307569	10.413279	27.618843	65.875516	1.345118	76.056577	-14.784658	0.000000
HSS_BW_3mN_map01 LC.hys	43.208286	2991.612274	93.045758	126537.971711	264.476394	67.322327	231.750656	23.642012	27.391431	26.610224	1.266236	76.057877	-14.784658	0.000000
HSS_BW_3mN_map01 LC.hys	98.257337	2991.664939	113.809978	386788.461170	264.476394	117.972206	162.135611	7.734628	22.212418	81.999645	1.368481	76.059177	-14.784658	0.000000
HSS_BW_3mN_map01 LC.hys	48.339092	2991.625332	105.662179	145292.052981	264.476394	69.573927	245.602884	20.590426	28.533230	32.981520	1.292419	76.060477	-14.784658	0.000000
HSS_BW_3mN_map01 LC.hys	80.945635	2991.638966	126.550842	290723.627372	264.476394	98.675499	207.950372	10.290319	21.735149	65.445945	1.405660	76.061777	-14.784658	0.000000
HSS_BW_3mN_map01 LC.hys	80.736249	2991.594372	122.766779	289642.467046	264.476394	99.012332	202.108497	10.328576	29.285027	66.601977	1.330032	76.063077	-14.784658	0.000000
HSS_BW_3mN_map01 LC.hys	70.434036	2991.763539	121.473262	238815.917228	264.476394	88.905777	220.233756	12.527488	25.372599	55.440751	1.358766	76.064377	-14.784658	0.000000
HSS_BW_3mN_map01 LC.hys	78.930773	2991.667964	122.475708	280399.657161	264.476394	97.250741	204.925521	10.669300	16.787965	61.776364	1.452283	76.065677	-14.784658	0.000000
HSS_BW_3mN_map01 LC.hys	66.492207	2991.596175	120.205459	220591.811341	264.476394	85.157724	226.758892	13.561683	36.500791	53.436601	1.274588	76.066977	-14.784658	0.000000
HSS_BW_3mN_map01 LC.hys	71.207885	2991.629248	127.123175	242472.884186	264.476394	88.857868	228.732549	12.337995	28.683571	57.202774	1.345119	76.068277	-14.784658	0.000000
HSS_BW_3mN_map01 LC.hys	83.134637	2991.612305	124.683905	302141.724865	264.476394	101.129817	200.973998	9.901354	36.590640	70.308396	1.284570	76.069577	-14.784658	0.000000
HSS_BW_3mN_map01 LC.hys	72.026703	2991.661541	118.681170	246370.740195	264.476394	90.932366	211.846885	12.142925	16.106884	54.347370	1.451351	76.070877	-14.784658	0.000000
HSS_BW_3mN_map01 LC.hys	81.835851	2991.633709	132.656182	295341.723818	264.476394	98.749690	216.271813	10.129397	7.074534	61.150350	1.667245	76.072177	-14.784658	0.000000
HSS_BW_3mN_map01 LC.hys	77.496019	2991.604684	123.818868	273156.519159	264.476394	95.616872	209.901659	10.951980	26.596450	62.901106	1.354066	76.072177	-14.785958	0.000000
HSS_BW_3mN_map01 LC.hys	66.800253	2991.595506	127.267962	221991.717321	264.476394	84.429958	239.323602	13.476158	21.816920	51.366208	1.406593	76.070877	-14.785958	0.000000
HSS_BW_3mN_map01 LC.hys	46.491574	2991.686806	100.210437	138412.609223	264.476394	68.882107	238.649185	21.614265	21.162532	28.826035	1.341730	76.069577	-14.785958	0.000000
HSS_BW_3mN_map01 LC.hys	59.624983	2991.576810	126.468398	190448.035724	264.476394	77.366036	256.760728	15.708100	9.598069	39.884942	1.584507	76.068277	-14.785958	0.000000
HSS_BW_3mN_map01 LC.hys	48.286990	2991.572787	98.641559	145096.084922	264.476394	71.032774	229.438825	20.617874	24.761483	31.493170	1.303745	76.066977	-14.785958	0.000000
HSS_BW_3mN_map01 LC.hys	75.774819	2991.701939	121.242081	264586.136057	264.476394	94.281400	208.835665	11.307100	21.063576	59.752844	1.399309	76.065677	-14.785958	0.000000
HSS_BW_3mN_map01 LC.hys	76.662394	2991.658780	118.149190	268989.465588	264.476394	95.653163	201.835679	11.121844	26.776543	61.759434	1.338561	76.064377	-14.785958	0.000000
HSS_BW_3mN_map01 LC.hys	72.895309	2991.696526	135.451054	250537.516025	264.476394	89.460498	239.762266	11.941112	28.081410	59.216109	1.369335	76.063077	-14.785958	0.000000
HSS_BW_3mN_map01 LC.hys	78.478978	2991.623072	131.255291	278109.116924	264.476394	95.573278	220.517994	10.757012	30.021237	64.927952	1.344541	76.061777	-14.785958	0.000000
HSS_BW_3mN_map01 LC.hys	77.324701	2991.691101	111.934248	272297.669368	264.476394	97.370115	190.053491	10.986841	40.635739	64.478211	1.230652	76.060477	-14.785958	0.000000
HSS_BW_3mN_map01 LC.hys	76.968563	2991.668655	125.940653	270516.384982	264.476394	94.784506	214.537879	11.059103	16.728841	60.055875	1.461976	76.059177	-14.785958	0.000000
HSS_BW_3mN_map01 LC.hys	78.061289	2991.640440	120.443975	275999.437985	264.476394	96.690119	203.126137	10.839299	23.222723	62.517900	1.375780	76.057877	-14.785958	0.000000
HSS_BW_3mN_map01 LC.hys	80.175064	2991.632798	119.183651	286754.275844	264.476394	99.000839	197.195301	10.432740	40.990688	67.722456	1.246099	76.056577	-14.785958	0.000000
HSS_BW_3mN_map01 LC.hys	79.680079	2991.622374	125.411627	284218.251005	264.476394	97.570899	208.423483	10.525793	25.805368	65.017461	1.364671	76.055277	-14.785958	0.000000
HSS_BW_3mN_map01 LC.hys	74.385228	2991.697471	125.495528	257761.388801	264.476394	92.264535	219.005059	11.606461	32.930329	61.029820	1.310232	76.053977	-14.785958	0.000000
HSS_BW_3mN_map01 LC.hys	73.845665	2991.637316	132.796946	255134.136607	264.476394	90.741596	232.937081	11.725743	28.741468	60.149552	1.357962	76.052677	-14.785958	0.000000
HSS_BW_3mN_map01 LC.hys	99.351818	2991.646625	124.588221	393306.739221	264.476394	117.361024	176.013556	7.606396	18.571665	82.890558	1.435535	76.051377	-14.785958	0.000000
HSS_BW_3mN_map01 LC.hys	75.984323	2991.616606	119.229794	265622.398854	264.476394	94.802710	204.968572	11.262667	29.552884	61.698005	1.319376	76.050077	-14.785958	0.000000
HSS_BW_3mN_map01 LC.hys	77.808856	2991.612375	122.920474	274728.144560	264.476394	96.062196	207.781787	10.889355	20.853194	61.848779	1.405774	76.048777	-14.785958	0.000000
HSS_BW_3mN_map01 LC.hys	87.372518	2991.655447	120.539816	324845.523146	264.476394	105.986629	187.381586	9.209471	29.462416	73.144667	1.323269	76.047477	-14.785958	0.000000
HSS_BW_3mN_map01 LC.hys	100.975420	2991.610802	122.523307	403074.012838	264.476394	119.287921	170.986230	7.421989	27.685439	86.521571	1.341966	76.047477	-14.787258	0.000000
HSS_BW_3mN_map01 LC.hys	77.573400	2991.731338	122.263669	273544.868713	264.476394	95.925528	207.118058	10.936894	23.729478	62.266130	1.375565	76.048777	-14.787258	0.000000
HSS_BW_3mN_map01 LC.hys	89.619507	2991.683523	120.771060	337204.194812	264.476394	108.198152	184.268552	8.872023	27.351170	74.995153	1.340370	76.050077	-14.787258	0.000000
HSS_BW_3mN_map01 LC.hys	79.248194	2991.694396	143.597499	282014.284556	264.476394	94.873611	239.577568	10.608308	13.236867	62.420111	1.557726	76.051377	-14.787258	0.000000
HSS_BW_3mN_map01 LC.hys	90.141914	2991.662770	120.433785	340109.376543	264.476394	108.772460	182.967461	8.796178	36.403531	77.082443	1.275728	76.052677	-14.787258	0.000000
HSS_BW_3mN_map01 LC.hys	64.384110	2991.657365	106.843600	211121.859897	264.476394	85.384366	206.023490	14.170287	33.986207	50.178601	1.257333	76.053977	-14.787258	0.000000
HSS_BW_3mN_map01 LC.hys	55.088207	2991.590167	101.773122	171645.020132	264.476394	77.134230	217.646818	17.428937	30.428192	39.860205	1.268053	76.055277	-14.787258	0.000000
HSS_BW_3mN_map01 LC.hys	73.556179	2991.610933	131.548149	253729.796990	264.476394	90.612354	231.384271	11.790538	31.654376	60.292728	1.333225	76.056577	-14.787258	0.000000
HSS_BW_3mN_map01 LC.hys	77.553418	2991.681091	123.971007	273444.556686	264.476394	95.652495	210.048854	10.940723	23.488486	62.300306	1.382067	76.057877	-14.787258	0.000000
HSS_BW_3mN_map01 LC.hys	134.296588	2991.657298	121.457452	629425.435636	264.476394	152.770077	135.639709	4.752997	25.264917	119.279556	1.359672	76.059177	-14.787258	0.000000
HSS_BW_3mN_map01 LC.hys	75.545066	2991.585492	135.829116	263451.924173	264.476394	92.063536	234.464457	11.355337	14.414409	58.591935	1.519735	76.060477	-14.787258	0.000000
HSS_BW_3mN_map01 LC.hys	80.726812	2991.602531	127.862959	289593.783658	264.476394	98.274520	210.515928	10.330341	33.646081	67.603262	1.310909	76.061777	-14.787258	0.000000
HSS_BW_3mN_map01 LC.hys	79.711919	2991.630188	129.464959	284381.055001	264.476394	97.042652	215.098180	10.519794	14.454912	62.309542	1.503100	76.063077	-14.787258	0.000000
HSS_BW_3mN_map01 LC.hys	105.467861	2991.628375	114.012078	430708.864666	264.476394	125.147541	153.919550	6.945825	26.427352	90.223444	1.330970	76.064377	-14.787258	0.000000
HSS_BW_3mN_map01 LC.hys	80.343813	2991.675633	136.361300	287621.306718	264.476394	96.798311	225.276263	10.401440	19.874239	64.999122	1.449415	76.065677	-14.787258	0.000000
HSS_BW_3mN_map01 LC.hys	75.895762	2991.605618	122.839194	265184.118288	264.476394	94.161139	211.347946	11.281240	26.603086	61.244077	1.351617	76.066977	-14.787258	0.000000
HSS_BW_3mN_map01 LC.hys	78.886956	2991.658829	126.547428	280177.115770	264.476394	96.617416	211.822369	10.677742	12.484888	60.503621	1.527617	76.068277	-14.787258	0.000000
HSS_BW_3mN_map01 LC.hys	91.326685	2991.651669	120.773342	346742.676054	264.476394	109.904781	181.719806	8.627873	33.538283	77.828790	1.294912	76.069577	-14.787258	0.000000
HSS_BW_3mN_map01 LC.hys	70.995105	2991.682531	111.656637	241464.758772	264.476394	91.090300	201.322583	12.389727	16.731876	52.932813	1.424127	76.070877	-14.787258	0.000000
HSS_BW_3mN_map01 LC.hys	71.302606	2991.717919	133.211382	242922.296452	264.476394	88.146425	239.465236	12.315534	55.710259	61.036099	1.207134	76.072177	-14.787258	0.000000
HSS_BW_3mN_map01 LC.hys	63.438091	2991.646570	132.670072	206934.605276	264.476394	80.350232	258.399240	14.456966	38.317954	51.210272	1.292265	76.072177	-14.788558	0.000000
HSS_BW_3mN_map01 LC.hys	42.313670	2991.660449	99.024752	123379.816507	264.476394	64.972099	249.779351	24.247568	28.508939	26.464871	1.274599	76.070877	-14.788558	0.000000
HSS_BW_3mN_map01 LC.hys	78.723813	2991.655011	126.491569	279349.288620	264.476394	96.462081	212.042356	10.709370	33.268394	65.472965	1.310265	76.069577	-14.788558	0.000000
HSS_BW_3mN_map01 LC.hys	77.780528	2991.713856	122.320954	274585.656508	264.476394	96.123954	206.822015	10.895376	25.143470	62.790813	1.362878	76.068277	-14.788558	0.000000
HSS_BW_3mN_map01 LC.hys	77.677775	2991.598371	125.302966	274069.101722	264.476394	95.583965	212.063606	10.915489	22.670087	62.320671	1.393232	76.066977	-14.788558	0.000000
HSS_BW_3mN_map01 LC.hys	79.848756	2991.632692	129.807107	285081.248808	264.476394	97.133823	215.401624	10.493965	7.967757	59.479850	1.633808	76.065677	-14.788558	0.000000
HSS_BW_3mN_map01 LC.hys	78.493311	2991.680843	135.217247	278181.644995	264.476394	95.087057	227.144740	10.754415	20.867773	63.321128	1.435749	76.064377	-14.788558	0.000000
HSS_BW_3mN_map01 LC.hys	80.919795	2991.676754	143.836753	290590.100574	264.476394	96.519129	236.409156	10.295178	17.164168	65.319514	1.500046	76.063077	-14.788558	0.000000
HSS_BW_3mN_map01 LC.hys	56.877494	2991.643630	121.661040	178955.787920	264.476394	75.319986	254.808246	16.717222	22.810547	41.317056	1.382796	76.061777	-14.788558	0.000000
HSS_BW_3mN_map01 LC.hys	75.299715	2991.615564	140.250800	262243.255992	264.476394	91.297568	242.654312	11.407788	26.010795	61.484382	1.397681	76.060477	-14.788558	0.000000
HSS_BW_3mN_map01 LC.hys	79.161565	2991.699067	130.033904	281573.190929	264.476394	96.416867	217.117974	10.624943	15.650338	62.204420	1.487041	76.059177	-14.788558	0.000000
HSS_BW_3mN_map01 LC.hys	78.023179	2991.670032	129.958649	275807.334242	264.476394	95.288306	219.248742	10.846956	12.395625	59.881156	1.538093	76.057877	-14.788558	0.000000
HSS_BW_3mN_map01 LC.hys	79.162966	2991.647859	131.523766	281580.323377	264.476394	96.222514	219.602821	10.624492	32.207466	65.987522	1.329241	76.056577	-14.788558	0.000000
HSS_BW_3mN_map01 LC.hys	64.224788	2991.681724	130.637053	210413.968835	264.476394	81.400324	252.327113	14.218076	38.034813	51.872012	1.289406	76.055277	-14.788558	0.000000
HSS_BW_3mN_map01 LC.hys	75.664745	2991.623221	123.388724	264042.452881	264.476394	93.848882	212.751887	11.330084	32.205851	62.081252	1.310248	76.053977	-14.788558	0.000000
HSS_BW_3mN_map01 LC.hys	75.972532	2991.707024	122.048397	265564.023846	264.476394	94.356880	209.837107	11.265483	23.597624	60.621291	1.376263	76.052677	-14.788558	0.000000
HSS_BW_3mN_map01 LC.hys	60.479800	2991.673601	97.540151	194089.590615	264.476394	83.483201	196.163017	15.413880	14.948803	40.316552	1.407400	76.051377	-14.788558	0.000000
HSS_BW_3mN_map01 LC.hys	64.217324	2991.642600	120.309947	210380.830871	264.476394	82.866920	232.398479	14.220129	50.296354	52.967327	1.202423	76.050077	-14.788558	0.000000
HSS_BW_3mN_map01 LC.hys	117.466828	2991.614447	105.616181	508916.303714	264.476394	138.710834	131.172292	5.878402	12.913130	97.290334	1.462312	76.048777	-14.788558	0.000000
HSS_BW_3mN_map01 LC.hys	57.413679	2991.618826	125.097168	181173.178550	264.476394	75.349450	260.396628	16.512482	34.957134	44.360256	1.295840	76.047477	-14.788558	0.000000
HSS_BW_3mN_map01 LC.hys	76.083438	2991.688743	129.080077	266113.315517	264.476394	93.466187	221.697471	11.242161	26.877799	61.844398	1.364361	76.047477	-14.789858	0.000000
HSS_BW_3mN_map01 LC.hys	63.942307	2991.645128	112.757414	209161.551714	264.476394	83.841077	218.443441	14.303036	26.968309	48.731718	1.323299	76.048777	-14.789858	0.000000
HSS_BW_3mN_map01 LC.hys	78.877795	2991.655145	127.858004	280130.602080	264.476394	96.426492	214.033853	10.679501	30.592485	65.251456	1.332365	76.050077	-14.789858	0.000000
HSS_BW_3mN_map01 LC.hys	56.825568	2991.678972	131.777388	178741.699789	264.476394	73.852459	276.161277	16.737443	25.001744	42.363946	1.387005	76.051377	-14.789858	0.000000
HSS_BW_3mN_map01 LC.hys	73.245665	2991.664570	123.541674	252227.513767	264.476394	91.407540	217.947595	11.860976	17.611803	56.426968	1.444533	76.052677	-14.789858	0.000000
HSS_BW_3mN_map01 LC.hys	53.361433	2991.696156	94.388383	164718.954172	264.476394	77.133130	206.054254	18.162428	22.814508	35.646300	1.308915	76.053977	-14.789858	0.000000
HSS_BW_3mN_map01 LC.hys	54.101850	2991.636020	110.923641	167673.232790	264.476394	74.329522	240.008750	17.842061	26.778865	38.726221	1.320096	76.055277	-14.789858	0.000000
HSS_BW_3mN_map01 LC.hys	77.589516	2991.673162	133.693677	273625.781256	264.476394	94.372321	226.447321	10.933448	17.572728	61.467616	1.470465	76.056577	-14.789858	0.000000
HSS_BW_3mN_map01 LC.hys	80.083502	2991.554061	125.757182	286284.351978	264.476394	97.924754	208.242236	10.449590	22.339414	64.677792	1.397616	76.057877	-14.789858	0.000000
HSS_BW_3mN_map01 LC.hys	76.351157	2991.644103	123.599260	267441.477594	264.476394	94.504446	211.756289	11.186164	33.731171	63.030103	1.300357	76.059177	-14.789858	0.000000
HSS_BW_3mN_map01 LC.hys	37.609365	2991.626329	100.372217	107312.202542	264.476394	59.963357	271.471218	27.877783	23.361429	20.588276	1.321075	76.060477	-14.789858	0.000000
HSS_BW_3mN_map01 LC.hys	82.368457	2991.717647	142.624532	298121.306929	264.476394	98.100591	231.436874	10.035236	13.430492	65.542918	1.552126	76.061777	-14.789858	0.000000
HSS_BW_3mN_map01 LC.hys	79.192450	2991.570718	130.679173	281730.412326	264.476394	96.361812	218.134492	10.618558	34.399760	66.318522	1.312365	76.063077	-14.789858	0.000000
HSS_BW_3mN_map01 LC.hys	77.679480	2991.640426	120.715690	274077.670333	264.476394	96.266379	204.296874	10.915302	31.552429	63.840493	1.308417	76.064377	-14.789858	0.000000
HSS_BW_3mN_map01 LC.hys	101.944513	2991.699567	126.736124	408959.568497	264.476394	119.648815	175.588094	7.315392	30.049500	88.164658	1.333750	76.065677	-14.789858	0.000000
HSS_BW_3mN_map01 LC.hys	78.933891	2991.587951	144.505563	280415.495248	264.476394	94.460566	241.778896	10.668412	12.428530	61.875405	1.573993	76.066977	-14.789858	0.000000
HSS_BW_3mN_map01 LC.hys	70.060926	2991.656982	123.145799	237062.025012	264.476394	88.281140	224.090493	12.619723	38.702259	57.469048	1.268320	76.068277	-14.789858	0.000000
HSS_BW_3mN_map01 LC.hys	77.629168	2991.625559	129.182165	273824.909752	264.476394	94.997813	218.726251	10.925323	16.383939	60.844406	1.474787	76.069577	-14.789858	0.000000
HSS_BW_3mN_map01 LC.hys	65.168849	2991.743636	125.017563	214624.595312	264.476394	83.116789	239.092588	13.939426	23.649961	50.017795	1.383125	76.070877	-14.789858	0.000000
HSS_BW_3mN_map01 LC.hys	77.456215	2991.623395	127.784494	272956.861519	264.476394	95.014821	216.703526	10.960059	28.753930	63.499780	1.346137	76.072177	-14.789858	0.000000
HSS_BW_3mN_map01 LC.hys	70.958062	2991.742846	129.380863	241289.454615	264.476394	88.300713	233.364990	12.398979	23.537432	56.047804	1.394809	76.072177	-14.791158	0.000000
HSS_BW_3mN_map01 LC.hys	80.339078	2991.553524	130.577222	287596.960764	264.476394	97.521747	215.729784	10.401895	34.712507	67.507591	1.310077	76.070877	-14.791158	0.000000
HSS_BW_3mN_map01 LC.hys	49.909865	2991.668682	104.134848	151253.610837	264.476394	71.456461	237.234606	19.779155	11.422586	28.828523	1.483805	76.069577	-14.791158	0.000000
HSS_BW_3mN_map01 LC.hys	75.926348	2991.665126	132.867564	265335.446793	264.476394	92.813456	228.536811	11.275030	34.748747	63.204055	1.315030	76.068277	-14.791158	0.000000
HSS_BW_3mN_map01 LC.hys	71.888120	2991.749023	126.003195	245708.982521	264.476394	89.695698	225.219437	12.175986	35.360034	58.939371	1.295361	76.066977	-14.791158	0.000000
HSS_BW_3mN_map01 LC.hys	56.670303	2991.644703	125.309821	178102.243485	264.476394	74.575792	263.078430	16.797344	43.727645	44.838268	1.245604	76.065677	-14.791158	0.000000
HSS_BW_3mN_map01 LC.hys	78.705367	2991.676514	127.349934	279255.761498	264.476394	96.324202	213.517011	10.713034	29.323296	64.828756	1.340701	76.064377	-14.791158	0.000000
HSS_BW_3mN_map01 LC.hys	80.573247	2991.588484	126.332959	288802.138383	264.476394	98.333390	208.281787	10.358609	30.935600	66.927133	1.326267	76.063077	-14.791158	0.000000
HSS_BW_3mN_map01 LC.hys	76.038703	2991.698962	129.163356	265891.690834	264.476394	93.410304	221.932939	11.251570	19.276436	60.085611	1.438757	76.061777	-14.791158	0.000000
HSS_BW_3mN_map01 LC.hys	64.414141	2991.624713	116.983235	211255.416644	264.476394	83.593971	225.504146	14.161174	26.892925	49.462184	1.334675	76.060477	-14.791158	0.000000
HSS_BW_3mN_map01 LC.hys	66.269262	2991.660296	121.963030	219581.214072	264.476394	84.666191	230.603261	13.624391	27.669725	51.779281	1.340723	76.059177	-14.791158	0.000000
HSS_BW_3mN_map01 LC.hys	77.456182	2991.689945	112.170817	272956.693013	264.476394	97.459312	190.225107	10.960310	11.598501	57.344080	1.504086	76.057877	-14.791158	0.000000
HSS_BW_3mN_map01 LC.hys	79.558762	2991.709128	121.777170	283598.329124	264.476394	97.984070	202.604399	10.549107	26.635006	64.849448	1.348741	76.056577	-14.791158	0.000000
HSS_BW_3mN_map01 LC.hys	55.837986	2991.691374	122.938529	174691.888183	264.476394	74.089128	260.607236	17.125531	28.826379	41.627186	1.333969	76.055277	-14.791158	0.000000
HSS_BW_3mN_map01 LC.hys	57.123328	2991.616812	96.088034	179970.907059	264.476394	80.473921	200.679487	16.622780	18.890819	38.324348	1.353806	76.053977	-14.791158	0.000000
HSS_BW_3mN_map01 LC.hys	71.832194	2991.687937	132.586902	245442.165135	264.476394	88.755177	237.116002	12.188973	23.495021	57.100525	1.402884	76.052677	-14.791158	0.000000
HSS_BW_3mN_map01 LC.hys	63.476729	2991.686331	133.322289	207104.865753	264.476394	80.306358	259.562793	14.445273	23.128809	48.708012	1.408157	76.051377	-14.791158	0.000000
HSS_BW_3mN_map01 LC.hys	75.566399	2991.709149	128.888248	263557.138594	264.476394	92.975138	222.438910	11.351273	28.486469	61.619845	1.350843	76.050077	-14.791158	0.000000
HSS_BW_3mN_map01 LC.hys	74.509086	2991.608436	134.239312	258366.273500	264.476394	91.223313	233.989644	11.578943	18.389616	58.648964	1.461675	76.048777	-14.791158	0.000000
HSS_BW_3mN_map01 LC.hys	73.534760	2991.664377	130.939776	253626.035479	264.476394	90.670487	230.361292	11.795573	30.355571	60.024832	1.341305	76.047477	-14.791158	0.000000
HSS_BW_3mN_map01 LC.hys	83.105269	2991.710945	129.272529	301987.144982	264.476394	100.462269	208.423577	9.906749	20.985834	67.596398	1.420142	76.047477	-14.792458	0.000000
HSS_BW_3mN_map01 LC.hys	98.539105	2991.590459	125.912801	388461.480775	264.476394	116.358523	178.990810	7.701125	35.279169	85.574364	1.295672	76.048777	-14.792458	0.000000
HSS_BW_3mN_map01 LC.hys	62.529520	2991.676155	108.320272	202949.448041	264.476394	83.243621	213.034839	14.740992	12.817591	42.595579	1.471753	76.050077	-14.792458	0.000000
HSS_BW_3mN_map01 LC.hys	80.656196	2991.613877	109.090412	289229.622433	264.476394	101.223635	179.721496	10.343387	13.160344	60.956540	1.468356	76.051377	-14.792458	0.000000
HSS_BW_3mN_map01 LC.hys	63.188809	2991.716722	137.897943	205837.663582	264.476394	79.460172	269.296181	14.534350	19.740770	47.902894	1.454577	76.052677	-14.792458	0.000000
HSS_BW_3mN_map01 LC.hys	80.784515	2991.657678	128.269670	289891.516074	264.476394	98.276906	211.077069	10.319921	28.480145	66.803814	1.349434	76.053977	-14.792458	0.000000
HSS_BW_3mN_map01 LC.hys	77.577607	2991.703769	127.828110	273565.988191	264.476394	95.130693	216.536017	10.935949	17.480421	61.029144	1.457075	76.055277	-14.792458	0.000000
HSS_BW_3mN_map01 LC.hys	77.984734	2991.661484	124.192719	275613.602677	264.476394	96.051382	209.594865	10.854549	31.222217	64.275308	1.319119	76.056577	-14.792458	0.000000
HSS_BW_3mN_map01 LC.hys	73.696831	2991.710257	129.798154	254411.661528	264.476394	90.983538	227.999994	11.759328	18.687330	57.626792	1.447214	76.057877	-14.792458	0.000000
HSS_BW_3mN_map01 LC.hys	78.798857	2991.648678	128.832690	279729.935104	264.476394	96.214751	215.819872	10.694775	20.829058	63.223586	1.420735	76.059177	-14.792458	0.000000
HSS_BW_3mN_map01 LC.hys	37.517232	2991.672505	101.283088	107006.499564	264.476394	59.670530	274.325820	27.957858	11.417207	16.094120	1.475280	76.060477	-14.792458	0.000000
HSS_BW_3mN_map01 LC.hys	68.435184	2991.635802	117.943596	229490.430672	264.476394	87.458912	218.135777	13.035994	30.129048	54.182163	1.311918	76.061777	-14.792458	0.000000
HSS_BW_3mN_map01 LC.hys	76.786556	2991.584531	127.222558	269608.194101	264.476394	94.422489	217.086296	11.096045	20.682863	61.070919	1.418336	76.063077	-14.792458	0.000000
HSS_BW_3mN_map01 LC.hys	77.319980	2991.656740	132.179284	272274.019981	264.476394	94.294974	224.437344	10.987669	14.843853	60.251658	1.504123	76.064377	-14.792458	0.000000
HSS_BW_3mN_map01 LC.hys	50.134963	2991.644785	97.188427	152116.429008	264.476394	73.221391	220.780809	19.666809	24.733895	33.209344	1.299856	76.065677	-14.792458	0.000000
HSS_BW_3mN_map01 LC.hys	66.070258	2991.599723	125.008203	218680.951875	264.476394	84.018678	236.846986	13.680203	22.114983	50.562764	1.398002	76.066977	-14.792458	0.000000
HSS_BW_3mN_map01 LC.hys	78.322433	2991.639820	129.583501	277317.539159	264.476394	95.637368	218.019766	10.787777	29.295302	64.558822	1.346174	76.068277	-14.792458	0.000000
HSS_BW_3mN_map01 LC.hys	60.268018	2991.724224	135.418488	193184.464789	264.476394	76.837344	272.977398	15.486360	38.093762	48.123895	1.299696	76.069577	-14.792458	0.000000
HSS_BW_3mN_map01 LC.hys	81.020085	2991.615406	129.528379	291108.515173	264.476394	98.342247	212.702357	10.276633	30.613197	67.482952	1.336119	76.070877	-14.792458	0.000000
HSS_BW_3mN_map01 LC.hys	51.659976	2991.655949	98.840470	158018.224640	264.476394	74.360616	220.300784	18.932348	15.693018	31.952931	1.401095	76.072177	-14.792458	0.000000
HSS_BW_3mN_map01 LC.hys	75.513706	2991.647412	137.249459	263297.286780	264.476394	91.861570	236.985775	11.362242	21.397002	60.584110	1.434933	76.072177	-14.793758	0.000000
HSS_BW_3mN_map01 LC.hys	79.274155	2991.610551	128.666763	282146.538321	264.476394	96.712287	214.616862	10.603038	30.801783	65.725340	1.332724	76.070877	-14.793758	0.000000
HSS_BW_3mN_map01 LC.hys	77.161026	2991.649345	128.143514	271478.333729	264.476394	94.670590	217.903331	11.019846	25.624191	62.620254	1.372836	76.069577	-14.793758	0.000000
HSS_BW_3mN_map01 LC.hys	72.499924	2991.668040	139.325883	248636.743133	264.476394	88.604261	247.561998	12.032285	40.979510	60.875530	1.291363	76.068277	-14.793758	0.000000
HSS_BW_3mN_map01 LC.hys	60.229118	2991.685972	130.056407	193018.422930	264.476394	77.481359	262.281223	15.499484	55.994637	49.894813	1.199259	76.066977	-14.793758	0.000000
HSS_BW_3mN_map01 LC.hys	37.436577	2991.660178	101.361795	106739.160669	264.476394	59.572582	274.882588	28.027766	30.520781	22.198660	1.266283	76.065677	-14.793758	0.000000
HSS_BW_3mN_map01 LC.hys	71.036571	2991.684889	134.675020	241661.062279	264.476394	87.697149	242.727251	12.379673	46.845056	59.919717	1.250441	76.064377	-14.793758	0.000000
HSS_BW_3mN_map01 LC.hys	76.609245	2991.707742	130.005493	268724.824163	264.476394	93.868369	222.199274	11.132979	34.156521	63.666454	1.312433	76.063077	-14.793758	0.000000
HSS_BW_3mN_map01 LC.hys	99.057528	2991.667363	122.063977	391548.857018	264.476394	117.439287	172.834072	7.640598	15.000564	81.269037	1.475794	76.061777	-14.793758	0.000000
HSS_BW_3mN_map01 LC.hys	75.393224	2991.729076	125.219526	262703.596268	264.476394	93.312129	216.458116	11.388230	25.988950	60.756578	1.362620	76.060477	-14.793758	0.000000
HSS_BW_3mN_map01 LC.hys	76.059458	2991.662549	125.915608	265994.501338	264.476394	93.878908	216.310731	11.247084	34.132131	62.917298	1.303138	76.059177	-14.793758	0.000000
HSS_BW_3mN_map01 LC.hys	74.401163	2991.635565	126.941276	257839.172009	264.476394	92.076475	221.494650	11.602719	17.678321	57.848642	1.452358	76.057877	-14.793758	0.000000
HSS_BW_3mN_map01 LC.hys	77.716375	2991.635106	126.185967	274263.096023	264.476394	95.497483	213.482461	10.907902	22.377251	62.346511	1.398295	76.056577	-14.793758	0.000000
HSS_BW_3mN_map01 LC.hys	75.412677	2991.679771	123.896134	262799.408091	264.476394	93.522683	214.131418	11.383891	25.596996	60.616039	1.362782	76.055277	-14.793758	0.000000
HSS_BW_3mN_map01 LC.hys	76.308119	2991.681092	133.316632	267227.752340	264.476394	93.138433	228.495885	11.195248	28.671241	62.625851	1.359715	76.053977	-14.793758	0.000000
HSS_BW_3mN_map01 LC.hys	78.985391	2991.632508	127.029432	280677.169834	264.476394	96.648419	212.439681	10.658624	24.006858	64.037471	1.384712	76.052677	-14.793758	0.000000
HSS_BW_3mN_map01 LC.hys	72.015067	2991.741482	131.263736	246315.142436	264.476394	89.108944	234.333314	12.145991	24.308488	57.380454	1.392099	76.051377	-14.793758	0.000000
HSS_BW_3mN_map01 LC.hys	76.813556	2991.610774	128.403780	269742.824711	264.476394	94.287403	219.047190	11.090604	30.209375	63.149334	1.336486	76.050077	-14.793758	0.000000
HSS_BW_3mN_map01 LC.hys	119.734270	2991.678683	123.234101	524415.323824	264.476394	137.941560	150.774551	5.704789	25.383932	104.852443	1.363017	76.048777	-14.793758	0.000000
HSS_BW_3mN_map01 LC.hys	77.615842	2991.563719	125.425334	273757.979824	264.476394	95.504356	212.391288	10.927768	20.466858	61.726187	1.416195	76.047477	-14.793758	0.000000
HSS_BW_3mN_map01 LC.hys	79.556512	2991.707401	127.845987	283586.837760	264.476394	97.107165	212.705585	10.549528	32.208788	66.200980	1.320728	76.047477	-14.795058	0.000000
HSS_BW_3mN_map01 LC.hys	81.078040	2991.674186	131.657763	291408.294531	264.476394	98.120375	216.087848	10.266263	23.092751	66.204763	1.404544	76.048777	-14.795058	0.000000
HSS_BW_3mN_map01 LC.hys	79.521616	2991.657134	128.942429	283408.644055	264.476394	96.922738	214.597238	10.555984	31.129161	66.042010	1.330980	76.050077	-14.795058	0.000000
HSS_BW_3mN_map01 LC.hys	80.200385	2991.621890	130.146469	286884.296301	264.476394	97.440318	215.285029	10.427974	22.123771	65.017783	1.410499	76.051377	-14.795058	0.000000
HSS_BW_3mN_map01 LC.hys	82.694991	2991.649348	135.419159	299831.594857	264.476394	99.263821	219.117086	9.977766	50.823376	72.021671	1.233136	76.052677	-14.795058	0.000000
HSS_BW_3mN_map01 LC.hys	77.581016	2991.649771	129.055601	273583.103156	264.476394	94.966835	218.608503	10.935068	25.011269	62.966683	1.380442	76.053977	-14.795058	0.000000
HSS_BW_3mN_map01 LC.hys	78.448424	2991.611820	129.888378	277954.534369	264.476394	95.722555	218.282159	10.762954	31.327963	65.049653	1.331741	76.055277	-14.795058	0.000000
HSS_BW_3mN_map01 LC.hys	86.723251	2991.708304	120.209573	321315.912101	264.476394	105.388829	187.891773	9.310800	31.192913	72.792625	1.309745	76.056577	-14.795058	0.000000
HSS_BW_3mN_map01 LC.hys	61.679587	2991.618806	128.011469	199253.695808	264.476394	79.207033	254.085871	15.014120	39.776076	49.450538	1.273281	76.057877	-14.795058	0.000000
HSS_BW_3mN_map01 LC.hys	74.614349	2991.648725	125.889518	258880.875900	264.476394	92.437410	219.217093	11.556082	31.840450	61.098882	1.318735	76.059177	-14.795058	0.000000
HSS_BW_3mN_map01 LC.hys	77.876004	2991.608700	128.952151	275066.042124	264.476394	95.275532	217.843662	10.875965	32.418242	64.609734	1.321837	76.060477	-14.795058	0.000000
HSS_BW_3mN_map01 LC.hys	75.932775	2991.663452	129.331217	265367.252690	264.476394	93.281623	222.440842	11.273672	33.586678	62.870271	1.314699	76.061777	-14.795058	0.000000
HSS_BW_3mN_map01 LC.hys	77.746694	2991.590857	129.039850	274415.516058	264.476394	95.134293	218.250047	10.901683	23.455421	62.798676	1.394771	76.063077	-14.795058	0.000000
HSS_BW_3mN_map01 LC.hys	99.355320	2991.650773	116.378390	393327.683264	264.476394	118.635000	164.410638	7.606001	16.951915	81.769614	1.434103	76.064377	-14.795058	0.000000
HSS_BW_3mN_map01 LC.hys	73.007404	2991.640854	127.184622	251077.642562	264.476394	90.648929	224.887549	11.915202	30.593987	59.346474	1.330772	76.065677	-14.795058	0.000000
HSS_BW_3mN_map01 LC.hys	64.151469	2991.655454	135.049565	210088.564611	264.476394	80.765677	261.051871	14.239973	41.318727	52.406061	1.280212	76.066977	-14.795058	0.000000
HSS_BW_3mN_map01 LC.hys	79.284417	2991.717966	132.841877	282198.822311	264.476394	96.175088	221.560448	10.601454	28.510257	65.549133	1.359891	76.068277	-14.795058	0.000000
HSS_BW_3mN_map01 LC.hys	76.913116	2991.636177	127.245364	270239.558094	264.476394	94.546192	216.871426	11.070312	15.082141	59.560177	1.488085	76.069577	-14.795058	0.000000
HSS_BW_3mN_map01 LC.hys	78.478098	2991.597683	126.219945	278104.662255	264.476394	96.254197	212.059962	10.757093	24.708113	63.633266	1.376325	76.070877	-14.795058	0.000000
HSS_BW_3mN_map01 LC.hys	97.236764	2991.714096	124.100502	380758.130825	264.476394	115.317154	178.190183	7.857256	16.821522	80.216036	1.456044	76.072177	-14.795058	0.000000
HSS_BW_3mN_map01 LC.hys	80.290332	2991.622056	131.175255	287346.385608	264.476394	97.395056	216.812281	10.411205	16.069562	63.548866	1.484072	76.072177	-14.796358	0.000000
HSS_BW_3mN_map01 LC.hys	73.438473	2991.703137	128.514979	253159.831951	264.476394	90.897740	226.303452	11.817448	23.148185	58.389953	1.396441	76.070877	-14.796358	0.000000
HSS_BW_3mN_map01 LC.hys	76.640455	2991.612989	126.976615	268880.209748	264.476394	94.310714	216.959742	11.126193	25.158545	61.935788	1.374128	76.069577	-14.796358	0.000000
HSS_BW_3mN_map01 LC.hys	76.558081	2991.639318	129.781069	268470.178179	264.476394	93.846654	221.920872	11.143284	22.512442	61.442671	1.405725	76.068277	-14.796358	0.000000
HSS_BW_3mN_map01 LC.hys	79.246848	2991.638862	125.123457	282007.428452	264.476394	97.178970	208.758078	10.608369	27.901764	64.984143	1.346529	76.066977	-14.796358	0.000000
HSS_BW_3mN_map01 LC.hys	115.412981	2991.601203	132.009453	495075.088978	264.476394	132.409498	166.228055	6.042722	20.630178	99.988904	1.430613	76.065677	-14.796358	0.000000
HSS_BW_3mN_map01 LC.hys	77.953015	2991.626213	126.830134	275453.812470	264.476394	95.643761	214.107996	10.860718	23.226436	62.819391	1.391591	76.064377	-14.796358	0.000000
HSS_BW_3mN_map01 LC.hys	74.805317	2991.674482	129.383798	259815.696405	264.476394	92.147179	224.896155	11.514603	24.804483	60.166790	1.383086	76.063077	-14.796358	0.000000
HSS_BW_3mN_map01 LC.hys	75.303054	2991.630440	126.410372	262259.687521	264.476394	93.052570	218.701503	11.407130	31.716673	61.793581	1.320838	76.061777	-14.796358	0.000000
HSS_BW_3mN_map01 LC.hys	76.796950	2991.629162	128.108502	269660.017006	264.476394	94.311181	218.577020	11.094078	23.672306	61.840693	1.390462	76.060477	-14.796358	0.000000
HSS_BW_3mN_map01 LC.hys	73.263992	2991.656003	137.680474	252316.060941	264.476394	89.560725	242.848113	11.856780	29.334391	59.911842	1.364486	76.059177	-14.796358	0.000000
HSS_BW_3mN_map01 LC.hys	37.023954	2991.777181	99.994110	105375.578061	264.476394	59.463604	272.922451	28.391561	17.648296	18.183759	1.379695	76.057877	-14.796358	0.000000
HSS_BW_3mN_map01 LC.hys	73.478988	2991.639502	136.086570	253355.947726	264.476394	89.966505	239.543584	11.808049	39.609092	61.559609	1.292200	76.056577	-14.796358	0.000000
HSS_BW_3mN_map01 LC.hys	70.391332	2991.620211	137.557619	238614.872000	264.476394	86.702425	249.500100	12.537442	29.314551	57.030078	1.364364	76.055277	-14.796358	0.000000
HSS_BW_3mN_map01 LC.hys	82.635435	2991.688383	105.588955	299519.306792	264.476394	103.885444	170.938902	9.988299	17.446806	64.268888	1.398231	76.053977	-14.796358	0.000000
HSS_BW_3mN_map01 LC.hys	73.644640	2991.657039	128.296451	254158.544730	264.476394	91.133376	225.474335	11.770830	44.453881	62.019341	1.248548	76.052677	-14.796358	0.000000
HSS_BW_3mN_map01 LC.hys	76.132976	2991.672984	126.059742	266358.840201	264.476394	93.932114	216.410179	11.231739	22.282658	60.732601	1.398924	76.051377	-14.796358	0.000000
HSS_BW_3mN_map01 LC.hys	79.154224	2991.569437	118.201641	281535.826505	264.476394	98.136000	197.374709	10.625893	16.325976	61.510252	1.447141	76.050077	-14.796358	0.000000
HSS_BW_3mN_map01 LC.hys	79.596627	2991.693871	132.726569	283791.746280	264.476394	96.501836	220.745986	10.541864	27.829473	65.732401	1.365087	76.048777	-14.796358	0.000000
HSS_BW_3mN_map01 LC.hys	74.165937	2991.685708	130.256399	256692.081071	264.476394	91.391688	227.786332	11.654764	24.427340	59.498664	1.388605	76.047477	-14.796358	0.000000
HSS_BW_3mN_map01 LC.hys	48.332778	2991.637532	128.083760	145268.297988	264.476394	65.850441	297.744312	20.593877	48.135331	37.125035	1.229848	76.047477	-14.797658	0.000000
HSS_BW_3mN_map01 LC.hys	77.480748	2991.689774	131.606641	273079.908202	264.476394	94.529791	223.135032	10.955364	26.609948	63.328272	1.372578	76.048777	-14.797658	0.000000
HSS_BW_3mN_map01 LC.hys	95.167930	2991.598864	109.396563	368675.302117	264.476394	115.677707	159.630724	8.114454	13.907345	75.821470	1.457460	76.050077	-14.797658	0.000000
HSS_BW_3mN_map01 LC.hys	53.233635	2991.601905	126.004201	164211.393048	264.476394	71.040195	275.497847	18.217992	41.607665	41.161100	1.258487	76.051377	-14.797658	0.000000
HSS_BW_3mN_map01 LC.hys	91.736662	2991.596596	114.625695	349052.481893	264.476394	111.310785	171.898246	8.570621	21.487084	75.350054	1.377868	76.052677	-14.797658	0.000000
HSS_BW_3mN_map01 LC.hys	70.782628	2991.696965	132.884182	240460.031522	264.476394	87.667804	240.096963	12.441556	19.396066	55.102014	1.446496	76.053977	-14.797658	0.000000
HSS_BW_3mN_map01 LC.hys	81.268704	2991.720347	126.582826	292395.565296	264.476394	98.994570	207.407389	10.231757	15.023672	63.844652	1.487230	76.055277	-14.797658	0.000000
HSS_BW_3mN_map01 LC.hys	75.507508	2991.666211	126.704078	263266.730074	264.476394	93.216091	218.789981	11.363632	33.758741	62.345089	1.307459	76.056577	-14.797658	0.000000
HSS_BW_3mN_map01 LC.hys	75.394701	2991.736391	128.945149	262710.870111	264.476394	92.795916	222.895251	11.387943	21.815238	60.065162	1.410710	76.057877	-14.797658	0.000000
HSS_BW_3mN_map01 LC.hys	73.315719	2991.602323	131.555235	252566.069266	264.476394	90.370926	231.929216	11.844831	13.971885	55.898899	1.515902	76.059177	-14.797658	0.000000
HSS_BW_3mN_map01 LC.hys	70.828286	2991.636039	139.494447	240675.763521	264.476394	86.912991	251.927496	12.430151	26.141155	56.999176	1.394826	76.060477	-14.797658	0.000000
HSS_BW_3mN_map01 LC.hys	73.199683	2991.685264	122.786929	252005.405997	264.476394	91.473321	216.711539	11.871512	35.551794	60.125074	1.286618	76.061777	-14.797658	0.000000
HSS_BW_3mN_map01 LC.hys	80.877765	2991.607472	132.482939	290372.969878	264.476394	97.813573	217.829497	10.302638	29.210144	67.248334	1.353578	76.063077	-14.797658	0.000000
HSS_BW_3mN_map01 LC.hys	76.784375	2991.685891	131.146489	269597.317739	264.476394	93.893216	223.786413	11.096868	32.505542	63.638274	1.326285	76.064377	-14.797658	0.000000
HSS_BW_3mN_map01 LC.hys	74.946318	2991.673219	142.055945	260506.941803	264.476394	90.741186	246.595184	11.484044	27.253777	61.444823	1.391102	76.065677	-14.797658	0.000000
HSS_BW_3mN_map01 LC.hys	77.098622	2991.576152	127.347427	271166.254046	264.476394	94.717212	216.674191	11.032258	32.857924	63.824412	1.315066	76.066977	-14.797658	0.000000
HSS_BW_3mN_map01 LC.hys	78.983888	2991.679358	126.119795	280669.528101	264.476394	96.774588	210.921306	10.659081	23.781877	63.930780	1.384592	76.068277	-14.797658	0.000000
HSS_BW_3mN_map01 LC.hys	76.326272	2991.644582	127.053635	267317.888121	264.476394	93.986006	217.724806	11.191337	31.632117	62.835407	1.322950	76.069577	-14.797658	0.000000
HSS_BW_3mN_map01 LC.hys	80.186528	2991.661834	132.534752	286813.137443	264.476394	97.116023	219.262861	10.430700	23.143894	65.375699	1.406140	76.070877	-14.797658	0.000000
HSS_BW_3mN_map01 LC.hys	80.053204	2991.685231	130.122125	286128.937538	264.476394	97.296728	215.528687	10.455724	24.742561	65.444240	1.385411	76.072177	-14.797658	0.000000
HSS_BW_3mN_map01 LC.hys	76.387187	2991.709731	127.877713	267620.458719	264.476394	93.933499	219.013070	11.178928	22.102535	61.058946	1.405191	76.072177	-14.798958	0.000000
HSS_BW_3mN_map01 LC.hys	75.616953	2991.666403	125.453790	263806.559188	264.476394	93.502023	216.409250	11.340379	33.001606	62.271172	1.309648	76.070877	-14.798958	0.000000
HSS_BW_3mN_map01 LC.hys	59.995054	2991.707211	114.446159	192020.700608	264.476394	79.600608	231.399292	15.580129	40.032151	47.183496	1.240099	76.069577	-14.798958	0.000000
HSS_BW_3mN_map01 LC.hys	75.130196	2991.547764	122.281704	261409.689124	264.476394	93.478491	211.902203	11.443905	32.445941	61.529409	1.305942	76.068277	-14.798958	0.000000
HSS_BW_3mN_map01 LC.hys	69.077939	2991.626862	132.659695	232470.225245	264.476394	85.991292	243.775556	12.868860	26.527030	54.966547	1.375751	76.066977	-14.798958	0.000000
HSS_BW_3mN_map01 LC.hys	96.731607	2991.628580	121.399850	377790.335105	264.476394	115.213684	174.995773	7.918754	21.484853	80.828424	1.395349	76.065677	-14.798958	0.000000
HSS_BW_3mN_map01 LC.hys	76.584716	2991.686735	127.557054	268602.728013	264.476394	94.175002	218.064063	11.137961	29.635756	62.775002	1.338807	76.064377	-14.798958	0.000000
HSS_BW_3mN_map01 LC.hys	78.769427	2991.647706	133.975264	279580.625800	264.476394	95.516815	224.494608	10.700483	19.901817	63.286171	1.443388	76.063077	-14.798958	0.000000
HSS_BW_3mN_map01 LC.hys	72.512148	2991.641672	138.088627	248695.406322	264.476394	88.760635	245.334631	12.029340	45.225471	61.335690	1.265885	76.061777	-14.798958	0.000000
HSS_BW_3mN_map01 LC.hys	79.429581	2991.627540	135.219434	282938.928365	264.476394	96.022762	225.230701	10.573404	28.336034	65.784263	1.366759	76.060477	-14.798958	0.000000
HSS_BW_3mN_map01 LC.hys	70.274231	2991.580915	131.531540	238063.975423	264.476394	87.332388	238.845956	12.566290	32.459204	57.139587	1.327494	76.059177	-14.798958	0.000000
HSS_BW_3mN_map01 LC.hys	74.205532	2991.669472	143.792469	256884.999204	264.476394	89.809633	251.363142	11.645949	4.127098	52.069272	1.813964	76.057877	-14.798958	0.000000
HSS_BW_3mN_map01 LC.hys	84.169397	2991.602747	106.999115	307612.406925	264.476394	105.138748	170.927953	9.725234	13.643483	64.467496	1.454668	76.056577	-14.798958	0.000000
HSS_BW_3mN_map01 LC.hys	85.660198	2991.673637	121.631819	315576.906728	264.476394	104.107305	191.835697	9.480014	24.626772	70.514535	1.365774	76.055277	-14.798958	0.000000
HSS_BW_3mN_map01 LC.hys	77.894054	2991.655407	131.898593	275156.908313	264.476394	94.905165	222.784401	10.872543	15.839719	61.130948	1.489066	76.053977	-14.798958	0.000000
HSS_BW_3mN_map01 LC.hys	76.237865	2991.668096	128.241738	266879.048556	264.476394	93.734127	219.941398	11.209827	28.219940	62.207502	1.351430	76.052677	-14.798958	0.000000
HSS_BW_3mN_map01 LC.hys	77.533580	2991.661820	127.306948	273344.991050	264.476394	95.158277	215.740348	10.944637	25.711048	62.962224	1.370068	76.051377	-14.798958	0.000000
HSS_BW_3mN_map01 LC.hys	34.395243	2991.631837	98.981617	96848.633828	264.476394	57.063330	281.801062	30.889768	20.106657	16.288261	1.349091	76.050077	-14.798958	0.000000
HSS_BW_3mN_map01 LC.hys	74.325611	2991.678088	109.327276	257470.477636	264.476394	94.848930	190.897235	11.619500	21.905178	57.644480	1.359592	76.048777	-14.798958	0.000000
HSS_BW_3mN_map01 LC.hys	76.342447	2991.574269	130.128259	267398.216693	264.476394	93.584518	222.960122	11.187712	19.542533	60.523554	1.438094	76.047477	-14.798958	0.000000
HSS_BW_3mN_map01 LC.hys	76.355382	2991.600417	126.496078	267462.463395	264.476394	94.092694	216.710757	11.185122	17.436502	59.699578	1.454270	76.047477	-14.800258	0.000000
HSS_BW_3mN_map01 LC.hys	73.130561	2991.635805	135.558518	251671.699840	264.476394	89.682282	239.411193	11.887057	40.795895	61.340135	1.284254	76.048777	-14.800258	0.000000
HSS_BW_3mN_map01 LC.hys	84.873850	2991.631988	133.634756	311363.718985	264.476394	101.663824	212.187722	9.608159	21.255229	69.699102	1.427849	76.050077	-14.800258	0.000000
HSS_BW_3mN_map01 LC.hys	79.869825	2991.663115	127.995962	285189.131098	264.476394	97.399654	212.356038	10.490102	30.710709	66.270886	1.331820	76.051377	-14.800258	0.000000
HSS_BW_3mN_map01 LC.hys	80.395150	2991.683841	123.367009	287885.322531	264.476394	98.582856	203.715513	10.391929	39.155857	67.877129	1.266201	76.052677	-14.800258	0.000000
HSS_BW_3mN_map01 LC.hys	62.957606	2991.676838	103.816221	204822.678880	264.476394	84.570391	203.240859	14.606180	14.966611	43.483521	1.425784	76.053977	-14.800258	0.000000
HSS_BW_3mN_map01 LC.hys	56.104053	2991.585114	125.599770	175778.861411	264.476394	73.967850	265.424097	17.019027	39.530931	43.737708	1.269193	76.055277	-14.800258	0.000000
HSS_BW_3mN_map01 LC.hys	68.884132	2991.697674	127.849393	231569.853235	264.476394	86.434261	235.392427	12.919202	20.408390	53.139409	1.422847	76.056577	-14.800258	0.000000
HSS_BW_3mN_map01 LC.hys	81.761451	2991.596452	136.807436	294954.432458	264.476394	98.161856	223.186062	10.142572	25.857230	67.741145	1.391157	76.057877	-14.800258	0.000000
HSS_BW_3mN_map01 LC.hys	64.471037	2991.701388	127.360381	211508.554410	264.476394	82.088572	245.360817	14.144588	28.921243	50.522022	1.343827	76.059177	-14.800258	0.000000
HSS_BW_3mN_map01 LC.hys	100.579176	2991.621490	136.977560	400679.511315	264.476394	116.959349	191.728064	7.466370	2.861692	76.048417	1.873191	76.060477	-14.800258	0.000000
HSS_BW_3mN_map01 LC.hys	102.612184	2991.629340	136.222808	413038.739855	264.476394	119.083155	187.797266	7.242975	4.632071	80.249804	1.768263	76.061777	-14.800258	0.000000
HSS_BW_3mN_map01 LC.hys	77.429416	2991.633755	128.323019	272822.474078	264.476394	94.914395	217.670376	10.965496	32.884896	64.207336	1.317147	76.063077	-14.800258	0.000000
HSS_BW_3mN_map01 LC.hys	84.148128	2991.677326	130.863088	307499.484173	264.476394	101.293971	209.088331	9.729048	29.114933	70.418778	1.350554	76.064377	-14.800258	0.000000
HSS_BW_3mN_map01 LC.hys	80.046202	2991.617286	130.046723	286093.024485	264.476394	97.299332	215.417314	10.456799	31.279502	66.647232	1.332458	76.065677	-14.800258	0.000000
HSS_BW_3mN_map01 LC.hys	80.172047	2991.609144	129.495924	286738.786161	264.476394	97.498514	214.263258	10.433221	29.483093	66.437262	1.344529	76.066977	-14.800258	0.000000
HSS_BW_3mN_map01 LC.hys	78.861581	2991.636200	133.045120	280048.283743	264.476394	95.725989	222.749798	10.682573	24.823846	64.434557	1.391604	76.068277	-14.800258	0.000000
HSS_BW_3mN_map01 LC.hys	78.036225	2991.611567	132.599326	275873.087334	264.476394	94.957191	223.677077	10.844159	17.851419	61.921048	1.464284	76.069577	-14.800258	0.000000
HSS_BW_3mN_map01 LC.hys	77.207085	2991.597685	131.053951	271708.778009	264.476394	94.327502	222.757899	11.010309	20.298199	61.640905	1.431913	76.070877	-14.800258	0.000000
HSS_BW_3mN_map01 LC.hys	71.458247	2991.632385	120.391909	243661.594482	264.476394	90.095083	216.091949	12.277817	34.260782	58.058948	1.289226	76.072177	-14.800258	0.000000
HSS_BW_3mN_map01 LC.hys	83.608253	2991.598412	131.928345	304639.851666	264.476394	100.615204	211.777387	9.820115	26.963567	69.541001	1.370360	76.072177	-14.801558	0.000000
HSS_BW_3mN_map01 LC.hys	86.352433	2991.643005	129.152610	319308.364185	264.476394	103.725154	202.503655	9.369134	27.990839	72.328804	1.355416	76.070877	-14.801558	0.000000
HSS_BW_3mN_map01 LC.hys	60.638171	2991.624273	133.494415	194767.702467	264.476394	77.445752	268.002876	15.359961	23.290838	45.914759	1.406999	76.069577	-14.801558	0.000000
HSS_BW_3mN_map01 LC.hys	97.165563	2991.631173	116.279356	380339.144105	264.476394	116.461537	167.052098	7.865694	27.286726	82.251255	1.329693	76.068277	-14.801558	0.000000
HSS_BW_3mN_map01 LC.hys	86.305190	2991.652657	128.484012	319053.033009	264.476394	103.768371	201.535927	9.376663	36.028600	73.572346	1.296844	76.066977	-14.801558	0.000000
HSS_BW_3mN_map01 LC.hys	79.191852	2991.577287	124.354643	281727.368087	264.476394	97.234467	207.578474	10.618696	21.681859	63.536636	1.400760	76.065677	-14.801558	0.000000
HSS_BW_3mN_map01 LC.hys	78.604983	2991.618430	131.906562	278747.043567	264.476394	95.614855	221.358444	10.732377	28.845291	64.881778	1.355084	76.064377	-14.801558	0.000000
HSS_BW_3mN_map01 LC.hys	75.293097	2991.718007	121.939313	262210.689000	264.476394	93.693959	210.985873	11.409596	28.658561	60.993332	1.332844	76.063077	-14.801558	0.000000
HSS_BW_3mN_map01 LC.hys	59.405959	2991.574361	121.489824	189520.035646	264.476394	77.874014	247.256187	15.785003	21.943564	43.623892	1.390920	76.061777	-14.801558	0.000000
HSS_BW_3mN_map01 LC.hys	77.274104	2991.658167	129.100512	272044.260503	264.476394	94.653924	219.302210	10.996954	38.992025	64.985948	1.280277	76.060477	-14.801558	0.000000
HSS_BW_3mN_map01 LC.hys	74.550044	2991.679184	130.027496	258566.450525	264.476394	91.806082	226.560368	11.570253	28.619835	60.688383	1.352470	76.059177	-14.801558	0.000000
HSS_BW_3mN_map01 LC.hys	70.670102	2991.617571	120.660158	239928.729153	264.476394	89.265413	218.251677	12.468776	24.934168	55.530843	1.360608	76.057877	-14.801558	0.000000
HSS_BW_3mN_map01 LC.hys	65.209690	2991.653892	119.511991	214807.621975	264.476394	83.983877	228.465942	13.927131	21.645242	49.216375	1.388908	76.056577	-14.801558	0.000000
HSS_BW_3mN_map01 LC.hys	72.685919	2991.713044	134.512288	249530.049013	264.476394	89.366810	238.580730	11.989390	35.761926	60.182876	1.312157	76.055277	-14.801558	0.000000
HSS_BW_3mN_map01 LC.hys	76.715550	2991.733301	128.450422	269254.270364	264.476394	94.183768	219.325468	11.111182	25.058482	62.075645	1.378566	76.053977	-14.801558	0.000000
HSS_BW_3mN_map01 LC.hys	56.663793	2991.691014	137.990006	178075.451916	264.476394	72.924161	289.721305	16.800132	30.683700	43.548719	1.354925	76.052677	-14.801558	0.000000
HSS_BW_3mN_map01 LC.hys	71.424161	2991.612674	140.368828	243499.594088	264.476394	87.408546	252.032403	12.285904	29.902330	58.292736	1.366137	76.051377	-14.801558	0.000000
HSS_BW_3mN_map01 LC.hys	72.596536	2991.668686	122.669286	249100.566670	264.476394	90.887598	217.762607	12.009883	28.298866	58.270085	1.337437	76.050077	-14.801558	0.000000
HSS_BW_3mN_map01 LC.hys	76.646290	2991.643587	125.094937	268909.269848	264.476394	94.582529	213.733046	11.125104	31.533493	63.037810	1.319036	76.048777	-14.801558	0.000000
HSS_BW_3mN_map01 LC.hys	76.517647	2991.598644	130.659535	268269.016697	264.476394	93.689750	223.506768	11.151488	20.777981	61.045681	1.425746	76.047477	-14.801558	0.000000
HSS_BW_3mN_map01 LC.hys	75.337227	2991.692342	133.437315	262427.880711	264.476394	92.152383	230.784765	11.400055	22.380192	60.409517	1.415815	76.047477	-14.802858	0.000000
HSS_BW_3mN_map01 LC.hys	80.736350	2991.647070	124.232863	289642.985822	264.476394	98.797073	204.521898	10.328740	28.068892	66.455211	1.343047	76.048777	-14.802858	0.000000
HSS_BW_3mN_map01 LC.hys	79.466590	2991.651676	123.914657	283127.764664	264.476394	97.573719	206.331853	10.566437	34.181177	66.233385	1.298121	76.050077	-14.802858	0.000000
HSS_BW_3mN_map01 LC.hys	80.488790	2991.710700	131.315191	288367.194580	264.476394	97.575793	216.659069	10.374657	36.023466	67.882773	1.303316	76.051377	-14.802858	0.000000
HSS_BW_3mN_map01 LC.hys	107.409277	2991.621727	138.171281	442928.550490	264.476394	123.647936	183.944063	6.754186	3.886959	84.430197	1.811314	76.052677	-14.802858	0.000000
HSS_BW_3mN_map01 LC.hys	66.191985	2991.645595	121.827065	219231.419573	264.476394	84.609355	230.529874	13.646062	37.233486	53.325417	1.273958	76.053977	-14.802858	0.000000
HSS_BW_3mN_map01 LC.hys	75.785451	2991.636237	127.028115	264638.677728	264.476394	93.448684	218.780204	11.304607	22.750547	60.555438	1.396683	76.055277	-14.802858	0.000000
HSS_BW_3mN_map01 LC.hys	89.172007	2991.707857	107.319652	334725.151228	264.476394	110.079463	164.350077	8.937804	10.454002	67.930688	1.511976	76.056577	-14.802858	0.000000
HSS_BW_3mN_map01 LC.hys	63.147270	2991.632549	139.287391	205655.136721	264.476394	79.255866	272.130269	14.546841	34.847563	50.718845	1.328655	76.057877	-14.802858	0.000000
HSS_BW_3mN_map01 LC.hys	75.298714	2991.645685	130.944058	262238.329557	264.476394	92.433774	226.554420	11.408118	15.893302	58.485101	1.485930	76.059177	-14.802858	0.000000
HSS_BW_3mN_map01 LC.hys	78.814006	2991.651697	125.414216	279806.805848	264.476394	96.704631	210.064401	10.691847	30.375853	65.021734	1.328191	76.060477	-14.802858	0.000000
HSS_BW_3mN_map01 LC.hys	76.627545	2991.674359	124.615589	268815.931765	264.476394	94.632963	212.951008	11.129081	38.476439	64.070547	1.273051	76.061777	-14.802858	0.000000
HSS_BW_3mN_map01 LC.hys	80.206193	2991.730740	111.056810	286914.123350	264.476394	100.410250	183.697844	10.427269	15.468252	61.635827	1.439355	76.063077	-14.802858	0.000000
HSS_BW_3mN_map01 LC.hys	73.789828	2991.742612	134.119201	254862.977963	264.476394	90.519774	235.381544	11.738632	27.527059	59.942266	1.370783	76.064377	-14.802858	0.000000
HSS_BW_3mN_map01 LC.hys	75.919006	2991.633224	128.305947	265299.118188	264.476394	93.406309	220.705782	11.276454	30.231448	62.253464	1.336091	76.065677	-14.802858	0.000000
HSS_BW_3mN_map01 LC.hys	70.232497	2991.628577	118.563630	237867.785242	264.476394	89.156694	215.386510	12.576855	22.961186	54.499941	1.373510	76.066977	-14.802858	0.000000
HSS_BW_3mN_map01 LC.hys	74.284039	2991.586243	134.373777	257267.706492	264.476394	90.981416	234.723578	11.628301	24.260694	59.815319	1.399895	76.068277	-14.802858	0.000000
HSS_BW_3mN_map01 LC.hys	75.028093	2991.572458	135.503103	260908.234078	264.476394	91.586233	235.039134	11.465995	18.502351	59.278633	1.463371	76.069577	-14.802858	0.000000
HSS_BW_3mN_map01 LC.hys	79.009764	2991.667660	135.258311	280801.048320	264.476394	95.598399	226.151475	10.654047	16.661261	62.727519	1.486148	76.070877	-14.802858	0.000000
HSS_BW_3mN_map01 LC.hys	65.067213	2991.619395	133.792935	214169.436478	264.476394	81.837266	256.146994	13.968470	25.673131	50.851157	1.385779	76.072177	-14.802858	0.000000
HSS_BW_3mN_map01 LC.hys	60.998477	2991.602003	128.563837	196314.475751	264.476394	78.450519	257.085447	15.238825	43.000023	49.206750	1.256748	76.072177	-14.804158	0.000000
HSS_BW_3mN_map01 LC.hys	80.203868	2991.637273	128.784525	286902.182943	264.476394	97.626210	213.025495	10.427377	18.861429	64.113808	1.442648	76.070877	-14.804158	0.000000
HSS_BW_3mN_map01 LC.hys	62.864559	2991.633711	126.908386	204414.848966	264.476394	80.544441	248.696073	14.635110	38.818320	50.457665	1.276314	76.069577	-14.804158	0.000000
HSS_BW_3mN_map01 LC.hys	66.944988	2991.616969	135.761082	222650.878604	264.476394	83.471910	254.916480	13.436358	30.407502	53.680164	1.351964	76.068277	-14.804158	0.000000
HSS_BW_3mN_map01 LC.hys	70.938906	2991.654952	117.358083	241198.818848	264.476394	90.057667	211.719201	12.403274	24.049328	55.382605	1.360250	76.066977	-14.804158	0.000000
HSS_BW_3mN_map01 LC.hys	78.512210	2991.664115	130.594155	278277.294421	264.476394	95.693286	219.340930	10.750658	27.416808	64.458701	1.363473	76.065677	-14.804158	0.000000
HSS_BW_3mN_map01 LC.hys	79.314609	2991.612369	136.703022	282352.679822	264.476394	95.727628	227.938133	10.595304	24.607216	65.043448	1.402127	76.064377	-14.804158	0.000000
HSS_BW_3mN_map01 LC.hys	76.844410	2991.624473	132.217278	269896.718449	264.476394	93.814343	225.488418	11.084331	32.574797	63.760515	1.328253	76.063077	-14.804158	0.000000
HSS_BW_3mN_map01 LC.hys	79.316507	2991.665547	138.427171	282362.350495	264.476394	95.525385	230.809020	10.595129	11.806561	61.586428	1.570387	76.061777	-14.804158	0.000000
HSS_BW_3mN_map01 LC.hys	59.229885	2991.664984	126.784618	188775.505671	264.476394	76.927211	258.540495	15.847739	41.269211	47.145818	1.262114	76.060477	-14.804158	0.000000
HSS_BW_3mN_map01 LC.hys	68.064726	2991.692035	129.234399	227781.145765	264.476394	85.426737	239.913160	13.134064	29.472594	54.314136	1.343995	76.059177	-14.804158	0.000000
HSS_BW_3mN_map01 LC.hys	76.244258	2991.661630	132.842535	266910.770158	264.476394	93.134527	227.818472	11.208471	18.622177	60.356787	1.455471	76.057877	-14.804158	0.000000
HSS_BW_3mN_map01 LC.hys	77.654571	2991.599890	130.139201	273952.518154	264.476394	94.895341	220.295343	10.920140	15.461476	60.643949	1.489988	76.056577	-14.804158	0.000000
HSS_BW_3mN_map01 LC.hys	74.387280	2991.656755	129.890917	257771.406279	264.476394	91.661333	226.671146	11.605852	31.909921	61.084332	1.327584	76.055277	-14.804158	0.000000
HSS_BW_3mN_map01 LC.hys	77.254324	2991.648086	122.960640	271945.225646	264.476394	95.501920	208.910479	11.000922	31.340884	63.499873	1.315326	76.053977	-14.804158	0.000000
HSS_BW_3mN_map01 LC.hys	74.685687	2991.679664	129.803233	259229.897606	264.476394	91.971541	225.880007	11.540643	43.585223	63.013990	1.256412	76.052677	-14.804158	0.000000
HSS_BW_3mN_map01 LC.hys	77.563937	2991.599977	121.941016	273497.362350	264.476394	95.963817	206.589415	10.938314	36.426091	64.581969	1.279160	76.051377	-14.804158	0.000000
HSS_BW_3mN_map01 LC.hys	73.245507	2991.573283	132.427125	252226.747918	264.476394	90.188259	233.623330	11.860650	32.532484	60.165058	1.329028	76.050077	-14.804158	0.000000
HSS_BW_3mN_map01 LC.hys	65.775497	2991.665753	129.882352	217350.654919	264.476394	83.050741	246.833724	13.764236	50.973186	54.935862	1.220600	76.048777	-14.804158	0.000000
HSS_BW_3mN_map01 LC.hys	76.814987	2991.656141	138.471976	269749.964280	264.476394	93.018570	236.219648	11.090478	24.678753	62.651901	1.405553	76.047477	-14.804158	0.000000
HSS_BW_3mN_map01 LC.hys	78.485872	2991.669398	122.625625	278143.998357	264.476394	96.783451	206.006638	10.755829	29.627716	64.406730	1.327090	76.047477	-14.805458	0.000000
HSS_BW_3mN_map01 LC.hys	61.949697	2991.687406	101.501460	200424.837642	264.476394	84.055443	200.877524	14.926730	17.019827	43.033666	1.391780	76.048777	-14.805458	0.000000
HSS_BW_3mN_map01 LC.hys	70.397096	2991.688434	126.641662	238642.001862	264.476394	88.114538	229.687832	12.536303	32.123170	56.966982	1.318512	76.050077	-14.805458	0.000000
HSS_BW_3mN_map01 LC.hys	77.747029	2991.593514	127.058458	274417.200025	264.476394	95.405791	214.898184	10.901625	25.858033	63.191560	1.368197	76.051377	-14.805458	0.000000
HSS_BW_3mN_map01 LC.hys	98.678750	2991.679167	129.859873	389291.939054	264.476394	115.957061	184.404748	7.684925	16.733318	82.049471	1.471827	76.052677	-14.805458	0.000000
HSS_BW_3mN_map01 LC.hys	71.762354	2991.641395	143.038604	245109.155829	264.476394	87.448546	255.981349	12.205343	18.821490	56.548872	1.477398	76.053977	-14.805458	0.000000
HSS_BW_3mN_map01 LC.hys	69.083360	2991.631970	133.288809	232495.432362	264.476394	85.916911	244.918338	12.867487	32.956314	56.109334	1.328043	76.055277	-14.805458	0.000000
HSS_BW_3mN_map01 LC.hys	101.598973	2991.667103	132.180938	406856.235875	264.476394	118.573813	183.604436	7.353131	29.717764	88.042196	1.348980	76.056577	-14.805458	0.000000
HSS_BW_3mN_map01 LC.hys	79.001734	2991.645273	129.120701	280760.228703	264.476394	96.378761	215.905104	10.655517	19.217431	63.030300	1.439334	76.057877	-14.805458	0.000000
HSS_BW_3mN_map01 LC.hys	77.127559	2991.640327	125.232828	271310.944804	264.476394	95.044029	213.019500	11.026611	51.231020	66.156504	1.209258	76.059177	-14.805458	0.000000
HSS_BW_3mN_map01 LC.hys	98.462808	2991.657748	126.310256	388008.114457	264.476394	116.226554	179.660680	7.710297	30.132774	84.675265	1.332121	76.060477	-14.805458	0.000000
HSS_BW_3mN_map01 LC.hys	76.977957	2991.628700	119.577200	270563.303524	264.476394	95.741748	203.680177	11.057038	16.644183	59.550611	1.446582	76.061777	-14.805458	0.000000
HSS_BW_3mN_map01 LC.hys	76.372795	2991.639514	131.184899	267548.959477	264.476394	93.476362	224.707227	11.181653	27.667689	62.397861	1.362808	76.063077	-14.805458	0.000000
HSS_BW_3mN_map01 LC.hys	76.166006	2991.659553	125.980498	266522.602376	264.476394	93.976260	216.207685	11.224787	28.156823	61.999756	1.346549	76.064377	-14.805458	0.000000
HSS_BW_3mN_map01 LC.hys	78.840061	2991.587723	129.544060	279939.041846	264.476394	96.159966	216.930490	10.686568	25.025825	64.257117	1.381482	76.065677	-14.805458	0.000000
HSS_BW_3mN_map01 LC.hys	78.672525	2991.674907	126.445263	279089.276467	264.476394	96.417406	212.063448	10.719419	30.124110	64.890540	1.332505	76.066977	-14.805458	0.000000
HSS_BW_3mN_map01 LC.hys	91.398941	2991.594742	117.873912	347149.224525	264.476394	110.433654	177.253340	8.617605	21.477356	75.246974	1.386415	76.068277	-14.805458	0.000000
HSS_BW_3mN_map01 LC.hys	62.553847	2991.680442	131.726524	203055.689066	264.476394	79.587321	259.000426	14.733300	56.125195	52.282156	1.202272	76.069577	-14.805458	0.000000
HSS_BW_3mN_map01 LC.hys	77.363530	2991.654682	132.661904	272492.213653	264.476394	94.276758	225.166618	10.978863	22.706874	62.463680	1.410719	76.070877	-14.805458	0.000000
HSS_BW_3mN_map01 LC.hys	79.167544	2991.703329	128.712402	281603.625337	264.476394	96.600033	214.899845	10.623810	35.023561	66.295799	1.303783	76.072177	-14.805458	0.000000
HSS_BW_3mN_map01 LC.hys	69.270217	2991.662198	132.012134	233365.102481	264.476394	86.266735	242.120032	12.819664	37.509457	56.904274	1.295668	76.072177	-14.806758	0.000000
HSS_BW_3mN_map01 LC.hys	105.844160	2991.679429	131.782675	433064.294597	264.476394	122.870371	177.425875	6.908165	40.008423	93.802947	1.280412	76.070877	-14.806758	0.000000
HSS_BW_3mN_map01 LC.hys	79.196475	2991.570639	135.085207	281750.905387	264.476394	95.805829	225.481004	10.617785	34.557332	66.545203	1.321272	76.069577	-14.806758	0.000000
HSS_BW_3mN_map01 LC.hys	74.546728	2991.677223	119.171921	258550.238659	264.476394	93.374635	207.652085	11.570971	49.828239	63.201014	1.201951	76.068277	-14.806758	0.000000
HSS_BW_3mN_map01 LC.hys	81.107520	2991.656328	123.872786	291560.840918	264.476394	99.220799	203.257292	10.260830	55.282825	70.510070	1.188799	76.066977	-14.806758	0.000000
HSS_BW_3mN_map01 LC.hys	78.011058	2991.664203	122.231747	275746.245682	264.476394	96.367567	206.235795	10.849338	37.055207	65.137278	1.275990	76.065677	-14.806758	0.000000
HSS_BW_3mN_map01 LC.hys	74.658103	2991.616249	120.379596	259094.916012	264.476394	93.296745	209.535814	11.546410	41.689483	62.354288	1.245093	76.064377	-14.806758	0.000000
HSS_BW_3mN_map01 LC.hys	80.139170	2991.675311	131.197284	286570.011386	264.476394	97.241326	217.142235	10.439597	36.684712	67.622514	1.298907	76.063077	-14.806758	0.000000
HSS_BW_3mN_map01 LC.hys	75.337818	2991.655721	126.116283	262430.787209	264.476394	93.128873	218.121563	11.399789	31.653845	61.802578	1.320592	76.061777	-14.806758	0.000000
HSS_BW_3mN_map01 LC.hys	62.074661	2991.695630	122.327460	200967.719029	264.476394	80.416999	241.766227	14.886449	29.173012	47.894314	1.329820	76.060477	-14.806758	0.000000
HSS_BW_3mN_map01 LC.hys	67.855872	2991.698960	122.440561	226820.119552	264.476394	86.181288	227.781974	13.189742	29.520703	53.746523	1.327450	76.059177	-14.806758	0.000000
HSS_BW_3mN_map01 LC.hys	76.386753	2991.642121	124.325301	267618.304243	264.476394	94.434018	212.929798	11.178765	44.094479	64.560480	1.241471	76.057877	-14.806758	0.000000
HSS_BW_3mN_map01 LC.hys	78.932802	2991.614334	127.449415	280409.964888	264.476394	96.537518	213.243575	10.668716	37.975998	66.432722	1.282531	76.056577	-14.806758	0.000000
HSS_BW_3mN_map01 LC.hys	77.035839	2991.723613	127.626759	270852.453729	264.476394	94.616735	217.275212	11.045584	35.793904	64.228600	1.296356	76.055277	-14.806758	0.000000
HSS_BW_3mN_map01 LC.hys	59.822732	2991.685023	119.363793	191287.665442	264.476394	78.620424	241.804264	15.639717	34.151605	46.351866	1.287468	76.053977	-14.806758	0.000000
HSS_BW_3mN_map01 LC.hys	66.224432	2991.686958	118.624060	219378.258236	264.476394	85.139357	224.393783	13.637117	36.238092	53.048914	1.272425	76.052677	-14.806758	0.000000
HSS_BW_3mN_map01 LC.hys	63.233189	2991.671170	111.750087	206032.761184	264.476394	83.311504	218.129577	14.520366	20.221837	46.275408	1.383436	76.051377	-14.806758	0.000000
HSS_BW_3mN_map01 LC.hys	72.144304	2991.642175	128.125690	246932.957360	264.476394	89.656262	228.444926	12.115200	40.475309	60.012706	1.269571	76.050077	-14.806758	0.000000
HSS_BW_3mN_map01 LC.hys	67.968956	2991.639812	125.722333	227340.233150	264.476394	85.815665	233.619510	13.159307	27.123333	53.589328	1.354297	76.048777	-14.806758	0.000000
HSS_BW_3mN_map01 LC.hys	75.960347	2991.651104	131.135457	265503.711381	264.476394	93.070429	225.486043	11.267832	16.879850	59.464313	1.473084	76.047477	-14.806758	0.000000
HSS_BW_3mN_map01 LC.hys	74.173512	2991.657036	125.515411	256728.980893	264.476394	92.049745	219.479737	11.652977	32.464363	60.742805	1.313487	76.047477	-14.808058	0.000000
HSS_BW_3mN_map01 LC.hys	77.037796	2991.675530	127.650603	270862.231883	264.476394	94.615125	217.311882	11.045008	26.389452	62.622864	1.365065	76.048777	-14.808058	0.000000
HSS_BW_3mN_map01 LC.hys	79.638882	2991.676049	134.219511	284007.661221	264.476394	96.355952	223.144122	10.533786	28.949274	66.051063	1.359608	76.050077	-14.808058	0.000000
HSS_BW_3mN_map01 LC.hys	74.345909	2991.608594	125.525646	257569.507514	264.476394	92.220395	219.139199	11.614762	49.049496	63.147566	1.219874	76.051377	-14.808058	0.000000
HSS_BW_3mN_map01 LC.hys	76.293995	2991.634896	129.615684	267157.630890	264.476394	93.604602	222.181857	11.198014	37.536240	63.827899	1.290107	76.052677	-14.808058	0.000000
HSS_BW_3mN_map01 LC.hys	77.385333	2991.684192	128.655599	272601.483495	264.476394	94.825407	218.322960	10.974570	25.388321	62.825608	1.376132	76.053977	-14.808058	0.000000
HSS_BW_3mN_map01 LC.hys	53.892417	2991.590642	109.932907	166835.227978	264.476394	74.302074	238.461715	17.931409	46.822967	41.804595	1.194195	76.055277	-14.808058	0.000000
HSS_BW_3mN_map01 LC.hys	76.256554	2991.698104	129.655131	266971.788653	264.476394	93.562260	222.326817	11.206046	32.974629	63.113226	1.319610	76.056577	-14.808058	0.000000
HSS_BW_3mN_map01 LC.hys	65.092838	2991.644353	130.474752	214284.149282	264.476394	82.289523	249.727451	13.961109	35.880507	52.428769	1.302319	76.057877	-14.808058	0.000000
HSS_BW_3mN_map01 LC.hys	97.104158	2991.663758	127.367154	379977.977694	264.476394	114.720535	183.068262	7.873256	9.208335	77.235152	1.595903	76.059177	-14.808058	0.000000
HSS_BW_3mN_map01 LC.hys	77.529979	2991.579112	130.862573	273326.921566	264.476394	94.675327	221.773208	10.945058	27.204367	63.451181	1.365858	76.060477	-14.808058	0.000000
HSS_BW_3mN_map01 LC.hys	71.280239	2991.644434	127.702546	242816.141231	264.476394	88.850236	229.612542	12.320616	24.226581	56.420434	1.384312	76.061777	-14.808058	0.000000
HSS_BW_3mN_map01 LC.hys	70.651841	2991.690107	117.340645	239842.561616	264.476394	89.773668	212.285423	12.473558	30.746072	56.478046	1.305927	76.063077	-14.808058	0.000000
HSS_BW_3mN_map01 LC.hys	78.027949	2991.717633	130.691234	275831.372816	264.476394	95.196569	220.475053	10.846183	25.534397	63.613273	1.379696	76.064377	-14.808058	0.000000
HSS_BW_3mN_map01 LC.hys	79.013036	2991.623520	132.042288	280817.680258	264.476394	96.005453	220.767757	10.653259	31.127105	65.687191	1.338167	76.065677	-14.808058	0.000000
HSS_BW_3mN_map01 LC.hys	77.424977	2991.688063	129.843271	272800.216279	264.476394	94.705550	220.258116	10.966590	32.889260	64.277217	1.320630	76.066977	-14.808058	0.000000
HSS_BW_3mN_map01 LC.hys	77.110574	2991.610384	130.209871	271226.012356	264.476394	94.342046	221.520064	11.029954	18.960746	61.142529	1.445009	76.068277	-14.808058	0.000000
HSS_BW_3mN_map01 LC.hys	59.499734	2991.660711	131.968449	189917.108468	264.476394	76.501870	268.301373	15.752455	31.702598	46.264293	1.333843	76.069577	-14.808058	0.000000
HSS_BW_3mN_map01 LC.hys	69.035089	2991.624450	140.187471	232271.012476	264.476394	85.040216	257.719051	12.879887	28.340507	55.633693	1.377989	76.070877	-14.808058	0.000000
HSS_BW_3mN_map01 LC.hys	64.534549	2991.604453	128.831826	211791.292932	264.476394	81.950302	248.029845	14.125248	45.789293	53.087543	1.242959	76.072177	-14.808058	0.000000
HSS_BW_3mN_map01 LC.hys	83.284245	2991.660164	136.700237	302929.779806	264.476394	99.697861	220.055948	9.875755	20.207381	68.041640	1.446492	76.072177	-14.809358	0.000000
HSS_BW_3mN_map01 LC.hys	84.086071	2991.689968	118.229700	307170.128753	264.476394	103.064107	189.004404	9.739521	13.501218	65.402070	1.488380	76.070877	-14.809358	0.000000
HSS_BW_3mN_map01 LC.hys	81.942505	2991.623122	136.812616	295897.334639	264.476394	98.342435	222.838615	10.110342	20.421078	66.758398	1.444398	76.069577	-14.809358	0.000000
HSS_BW_3mN_map01 LC.hys	79.384904	2991.643501	128.856352	282711.049649	264.476394	96.797570	214.718404	10.581983	31.969068	66.040586	1.324768	76.068277	-14.809358	0.000000
HSS_BW_3mN_map01 LC.hys	77.212498	2991.645789	129.857822	271735.866830	264.476394	94.490890	220.713787	11.009389	27.296765	63.096584	1.362727	76.066977	-14.809358	0.000000
HSS_BW_3mN_map01 LC.hys	70.623427	2991.584123	137.018083	239708.514929	264.476394	86.998551	247.953923	12.480091	26.961335	56.821128	1.382162	76.065677	-14.809358	0.000000
HSS_BW_3mN_map01 LC.hys	72.606095	2991.608346	135.603670	249146.481243	264.476394	89.152153	240.701553	12.007428	31.611751	59.528880	1.342764	76.064377	-14.809358	0.000000
HSS_BW_3mN_map01 LC.hys	77.446669	2991.671022	129.349655	272908.987998	264.476394	94.793088	219.377046	10.962156	23.240146	62.469165	1.397576	76.063077	-14.809358	0.000000
HSS_BW_3mN_map01 LC.hys	72.652968	2991.635189	130.437727	249371.682141	264.476394	89.854482	231.427244	11.996692	31.726406	59.346963	1.330153	76.061777	-14.809358	0.000000
HSS_BW_3mN_map01 LC.hys	76.460513	2991.574808	124.973182	267984.894954	264.476394	94.413814	213.892964	11.163222	25.398857	61.687448	1.367146	76.060477	-14.809358	0.000000
HSS_BW_3mN_map01 LC.hys	75.660579	2991.634992	128.256734	264021.885398	264.476394	93.154602	221.154124	11.331011	22.952901	60.552596	1.397706	76.059177	-14.809358	0.000000
HSS_BW_3mN_map01 LC.hys	51.478486	2991.679797	121.605817	157310.709319	264.476394	69.929576	271.650204	19.017649	58.241069	41.100613	1.171840	76.057877	-14.809358	0.000000
HSS_BW_3mN_map01 LC.hys	76.738973	2991.533231	128.872470	269370.998318	264.476394	94.148820	219.998421	11.105625	24.905751	62.092584	1.380953	76.056577	-14.809358	0.000000
HSS_BW_3mN_map01 LC.hys	98.780878	2991.655354	108.325877	389899.833974	264.476394	119.493763	153.705892	7.672882	25.655435	82.966906	1.322614	76.055277	-14.809358	0.000000
HSS_BW_3mN_map01 LC.hys	79.042654	2991.612675	131.885837	280968.260210	264.476394	96.055167	220.447084	10.647511	20.201561	63.504581	1.434999	76.053977	-14.809358	0.000000
HSS_BW_3mN_map01 LC.hys	74.642461	2991.639053	125.350532	259018.386328	264.476394	92.542100	218.220583	11.549910	28.913339	60.582812	1.339103	76.052677	-14.809358	0.000000
HSS_BW_3mN_map01 LC.hys	77.415458	2991.626120	132.102707	272752.489199	264.476394	94.400118	224.110489	10.968282	30.818666	64.041442	1.340563	76.051377	-14.809358	0.000000
HSS_BW_3mN_map01 LC.hys	73.341375	2991.641538	130.599530	252690.112313	264.476394	90.521614	230.187808	11.839171	35.940662	60.691658	1.302221	76.050077	-14.809358	0.000000
HSS_BW_3mN_map01 LC.hys	76.114645	2991.566881	131.776345	266267.972840	264.476394	93.141033	226.262625	11.235174	22.093673	61.023952	1.414734	76.048777	-14.809358	0.000000
HSS_BW_3mN_map01 LC.hys	73.319508	2991.596060	130.024893	252584.387320	264.476394	90.575412	229.222942	11.843947	34.437557	60.420827	1.310620	76.047477	-14.809358	0.000000
